44214.55325 -49.84841 18.24862
44863.65195 -28.49020 19.86337
45851.40631 -55.06981 36.44467
46086.96680 -16.38082 6.59868
48560.55780 -14.24741 7.87252
48773.71401 -13.03840 5.85671
49143.77505 -18.91260 2.84240
51870.83925 -65.48698 4.54035
52284.71018 -72.39163 2.74838
54919.76589 -36.66076 0.63988
54941.30349 -36.50602 0.52536
54970.67822 -36.73279 2.73550
54999.31317 -36.07562 1.36597
55135.97098 -33.43329 2.38258
55159.94602 -33.43709 0.81409
55208.61678 -31.33875 0.59761
55245.62567 -30.83308 1.01840
55389.66308 -28.30949 2.19791
56712.00516 3.73911 1.39562
57100.74409 16.02083 1.93123
57748.32002 31.21182 1.25823
57811.33770 33.67301 1.61793
58170.32946 38.86261 1.73177
58561.25098 41.89023 2.91497
58884.35291 45.80885 1.13321
