44214.55325 -49.84841 18.24862
44863.65195 22.18827 19.65848
45851.40631 -8.36224 36.16365
46086.96680 29.37976 2.12100
48560.55780 -14.24741 7.87252
48773.71401 21.92110 3.53533
49143.77505 14.55920 1.76767
51870.83925 -42.97835 3.53533
52284.71018 -51.54682 0.87456
54919.76589 -26.40923 0.40163
54941.30349 -26.34108 0.38439
54970.67822 -26.68594 2.53541
54999.31317 -26.14388 1.08894
55135.97098 -33.43329 2.38258
55159.94602 -24.15112 0.69025
55208.61678 -22.24844 0.42698
55245.62567 -21.89155 0.73355
55389.66308 -28.30949 2.19791
56712.00516 6.78560 1.39544
57100.74409 17.50454 1.91792
57748.32002 30.09218 1.10257
57811.33770 32.30003 1.53026
58170.32946 36.04644 1.50631
58561.25098 37.50250 2.70585
58884.35291 40.12220 0.99450
