54937.781831000000 -25.951353 1.382146
54937.844194999896 -25.851604 1.036546
54938.717284999788 -24.973523 1.295746
54938.779610999860 -28.156974 0.863746
54940.650506999809 -27.238115 2.332546
54940.712869000155 -27.311166 0.950146
54940.775243000127 -26.347418 2.418946
54940.837636999786 -23.655669 2.073346
54941.773045000155 -26.652239 1.209346
54941.835407999810 -26.638891 2.159746
54942.646122000180 -26.897358 0.950146
54942.770851999987 -26.525060 1.036546
54942.833221000154 -25.993312 1.036546
54942.895591000095 -25.375163 2.764546
54943.706304000225 -25.720031 0.863746
54943.768652999774 -26.916282 1.036546
54943.831007999834 -27.594133 1.468546
